package com.logic;
public class GameInterpretation{
    private final short leveldata[] = {
        0,  0,  0,  0,  0,  0,  0,  0,  0,  0,  0,  0,  0,  0,  0,  0, 21,  0,  0,  0,
        0, 19, 26, 26, 18, 26, 18, 26, 26, 26, 26, 18, 26, 18, 26, 26, 24, 26, 22,  0,
        0, 21,  0,  0, 21,  0, 21,  0,  0,  0,  0, 21,  0, 21,  0,  0,  0,  0, 21,  0,
        0, 21,  0,  0, 21,  0, 17, 26, 26, 22,  0, 21,  0, 21,  0,  0,  0,  0, 21,  0,
        0, 21,  0,  0, 21,  0, 21,  0,  0, 21,  0, 21,  0, 21,  0,  0,  0,  0, 21,  0,
        0, 21,  0,  0, 21,  0, 17, 26, 26, 28,  0, 17, 26, 24, 26, 26, 26, 26, 20,  0,
        0, 21,  0,  0, 21,  0, 21,  0,  0,  0,  0, 21,  0,  0,  0,  0,  0,  0, 21,  0,
        0, 21,  0,  0, 21,  0, 17, 26, 26, 26, 26, 24, 26, 26, 26, 26, 22,  0, 21,  0,
        0, 21,  0,  0, 21,  0, 21,  0,  0,  0,  0,  0,  0,  0,  0,  0, 21,  0, 21,  0,
        0, 21,  0,  0, 21,  0, 17, 26, 26, 26, 26, 26, 26, 26, 26, 18, 28,  0, 21,  0,
        0, 21,  0,  0, 21,  0, 21,  0,  0,  0,  0,  0,  0,  0,  0, 21,  0,  0, 21,  0,
        0, 21,  0,  0, 21,  0, 25, 26, 26, 26, 26, 26, 18, 26, 26, 24, 26, 26, 20,  0,
        0, 21,  0,  0, 21,  0,  0,  0,  0,  0,  0,  0, 21,  0,  0,  0,  0,  0, 21,  0,
        0, 21,  0,  0, 17, 26, 26, 26, 26, 26, 26, 26, 24, 26, 26, 26, 26, 26, 20,  0,
        26,16, 26, 26, 28,  0,  0,  0,  0,  0,  0,  0,  0,  0,  0,  0,  0,  0, 17, 26,
        0, 21,  0,  0,  0,  0, 19, 26, 18, 26, 26, 26, 26, 26, 18, 26, 30,  0, 21,  0,
        0, 17, 26, 26, 30,  0, 21,  0, 21,  0,  0,  0,  0,  0, 21,  0,  0,  0, 21,  0,
        0, 21,  0,  0,  0,  0, 21,  0, 21,  0,  0,  0,  0,  0, 21,  0,  0,  0, 21,  0,
        0, 25, 26, 26, 26, 26, 24, 26, 24, 26, 26, 26, 26, 26, 24, 26, 18, 26, 28,  0,
        0,  0,  0,  0,  0,  0,  0,  0,  0,  0,  0,  0,  0,  0,  0,  0, 21,  0,  0,  0,
    };
}